100
583 836 252
3 2 1
140 11 9
1000 1000 1
1 2 4
207 894 375
512 512 1
711 552 66
591 837 907
327 669 128
852 311 178
1 1 4
5 2 5
3 2 1
7 8 5
3 4 1
995 467 291
733 825 970
512 512 257
847 246 878
5 1 1
6 371 2
23 530 4
124 96 968
774 987 943
75 529 31
5 1 4
513 513 1
772 144 13
998 423 502
319 663 326
1 1 1
769 693 453
513 513 257
138 119 6
788 728 670
513 513 2
45 56 35
938 939 927
3 4 2
78 955 20
58 433 355
414 773 521
513 513 512
512 512 2
63 394 639
4 5 2
73 596 862
102 904 675
104 576 450
871 76 3
346 654 880
120 445 21
3 5 4
2 2 5
261 424 2
534 755 260
3 1 3
4 4 2
608 250 785
2 4 2
1 1 1000
512 512 256
477 672 875
754 880 583
70 364 882
802 201 79
276 325 842
226 538 658
706 782 243
821 416 202
512 512 513
584 505 178
931 738 835
3 5 2
986 535 234
5 3 3
811 966 637
35 538 26
4 2 1
48 94 3
788 748 320
845 947 772
591 884 243
3 3 3
1 2 1
876 520 412
103 143 88
311 758 174
677 449 826
809 978 835
93 560 6
3 1 1
2 2 4
905 727 455
260 320 403
391 44 24
65 27 27
87 566 911
513 513 256
