100
142 920 883
4 3 3
277 977 219
667 91 60
842 428 115
947 639 500
1 2 1
5 4 1
67 267 185
5 3 3
966 717 728
59 668 28
1 2 1
915 124 65
769 514 721
5 3 3
702 857 573
918 813 60
774 60 403
297 641 203
213 449 89
670 115 390
1 3 4
917 47 39
513 513 256
512 512 1
882 621 646
97 367 735
1 4 2
326 249 88
843 784 594
512 512 513
1 1 1
308 893 922
7 8 5
103 143 88
713 784 725
3 4 2
544 602 457
1 2 5
382 591 209
2 2 1
1 3 2
512 512 2
28 165 445
154 713 80
4 5 2
101 295 227
352 593 874
999 346 726
513 513 257
1 1 1000
1 2 1
326 622 155
402 882 133
1 3 1
473 536 65
878 424 238
45 56 35
77 824 253
438 613 596
980 444 298
595 549 87
3 1 1
776 109 84
5 5 5
888 753 164
564 673 433
320 689 101
228 240 898
513 513 2
375 618 987
357 390 477
174 569 45
577 874 538
1000 1000 1
92 912 970
177 794 805
573 902 78
4 2 2
70 196 21
653 806 365
757 843 318
1 4 1
425 250 91
320 113 991
506 62 317
512 512 257
852 67 4
539 252 424
338 517 213
105 771 62
3 1 3
513 513 1
3 5 3
826 23 21
3 2 1
513 513 512
512 512 256
211 911 272
