100
911 211 116
420 545 366
1 4 1
70 356 21
755 508 400
4 4 5
1000 1000 1
857 283 923
628 18 18
717 542 715
65 725 172
64 990 40
253 732 139
2 3 4
238 294 702
752 298 110
77 519 430
943 720 845
728 555 448
336 394 46
922 186 372
1 3 1
7 8 5
2 3 1
513 513 256
371 186 485
1 1 1
986 728 239
5 3 3
4 4 1
4 2 1
484 371 651
513 513 512
507 389 989
757 450 58
91 201 13
124 379 121
322 582 544
3 3 3
787 316 241
3 5 3
512 512 256
512 512 1
2 2 1
704 784 171
239 981 57
1 3 1
3 2 2
848 808 349
3 4 2
512 512 257
2 3 3
513 513 1
224 358 78
416 791 271
597 467 63
1 1 1000
112 342 81
668 952 915
152 737 480
5 4 5
1 1 1
512 512 513
720 465 155
103 143 88
486 405 728
959 706 223
45 56 35
3 226 1
2 3 3
913 730 469
388 328 426
423 568 475
823 933 101
792 203 30
466 551 298
513 513 257
513 513 2
4 5 2
435 978 888
2 3 2
685 136 587
601 294 504
68 515 24
95 482 37
24 639 3
3 4 5
62 661 635
512 512 2
58 864 34
57 354 36
777 720 357
384 534 2
374 230 459
926 709 807
44 224 704
989 38 365
197 507 850
3 2 2
814 5 2
